# ISBNs voor Nijmeegse Boeken
# Één ISBN per regel
# Regels die beginnen met # worden overgeslagen
#
9789074241489
9789074241595
9789465386416
9789465445106
9789465481944
9789054725114
9789074241441
9789074241588
9789074241458
9789492641120
9789460044274
9789068687774
9789076092201
9789074241526
9789460044847
9789078641834
9789078641728
9789465150734
9789460045189
9789460045158
9789492411570
9789460044397
9789024435463
9789058814654
9789460041754
9789460044403
9789460045059
9789460044854
9789460043789
9789044549874
9789044546194
9789028214163
9789044550313
9789044549478
9789083100593
9789025477257
9789025474713
9789025475819
9789025452759
9789029552691
9789074241588
9789083165455
9789492641120
9789461480323
9783865260970
9789078641834
9789076092201
9789090388175
9789460045080
2001000002177
9789464918090
9789074241465
9789464699067
9789460044854
9789083045030
9789460045127
9789076212074
9789074241595
9789074241458
9789074241090
9789083212500
9789083212531
9789083212555
9789460044588
9789464373387
9789464564891
9789070674373
2001000000289
9789081065856
9789081065863
9789082224191
9789082791839
9789462622012
9789083327303
9789053455135
9789461481061
9789074927741
9789082569520
9789090353562
9789024442560
9789090411163
9789464551891
9789492576743
9789464563313
9789493366893